500
1
9.865988694002422	-13.153081535739322
12.641162821284913	-14.848173402103482
0.3270013607438882	2.351011276444817
8.299277856568597	-9.489227736579192
4.811260723479837	-2.2186692028140538
13.49252686796954	-15.775582492620586
7.4269871446312035	-8.548770176062606
2.578363487075994	-2.911173949300895
4.241619115623462	-3.8262672358161374
1.528647444659232	0.7037272172775773
3.7746854591426353	-5.331402638621653
4.975513243409729	-4.485011353636187
6.247714138013148	-6.814106868889514
1.2985950706949585	1.9357180031633368
4.010144798178384	-2.167153632454637
10.411369292789049	-11.225890399980765
9.06512741780356	-9.980171378420488
3.9438577449922434	-2.377117733758773
9.495170194675431	-12.050925612155543
11.459256665986794	-13.921537422107363
7.105553444295386	-6.4176878663864825
12.240950923339035	-14.809325434787771
13.409002015498633	-16.99363414106831
9.341238251025606	-10.484837636091601
11.225430446382928	-14.36350902971412
6.936970000572385	-7.866392937734739
6.981328180234155	-5.912853794799025
4.378005550344069	-5.728855628258859
13.387583190092535	-15.514477138291179
14.642785931820345	-17.99728459518653
12.195565748494813	-15.448612867361387
3.0349400498949404	-2.344928835420618
7.399042255651978	-7.836749860744586
9.067042513043246	-10.45025101673704
11.092911915908624	-12.061066716832727
14.855705140854791	-20.08552950711856
10.758164631792061	-12.685413396263709
6.2611295271751475	-6.8160334202680755
13.726752611679263	-15.900097561877033
5.007639920028808	-5.608373886747499
4.052738552033162	-3.4083886030148993
6.903811579901776	-7.836266643793386
8.403375330462943	-9.725560000443965
11.361550630195914	-13.01059281228903
7.2606007903424254	-8.241471538663287
5.931985181321169	-5.429548623583789
0.7820740278274652	-0.25614444703477646
12.735170598702327	-14.285507342221274
14.426149771169264	-16.380333302301526
5.463916831520438	-4.763290135609774
8.59426059242723	-9.475934261141827
7.501252926189919	-9.156131576516215
2.363827406464709	-1.559898818316532
2.87486965609959	-3.0099736312464764
9.875276038980058	-12.474169509204046
3.5471883388336014	-1.3870713181498513
3.263011549687835	-3.2098791530556277
9.707401486694526	-12.41853708758836
13.706904482660983	-15.99662326700676
7.893067383750426	-8.083428845700531
13.420164089138796	-14.258560783611003
3.661660941832554	-3.3533351273696574
2.3226102974158462	-1.5836624744180294
11.629214509732197	-11.656236442159607
6.234381337243687	-5.319373915930767
13.857397122782913	-18.780282628164763
5.799790963036963	-6.596177979603954
0.8587242943989976	1.1716170153063057
0.04819880883425498	0.6653243870345216
6.754737245087664	-7.407425810598859
10.34522912625102	-13.161825044643136
5.1851999332759116	-5.777743600660475
14.943267273869251	-19.27696043544523
1.807346821508275	-0.5107139696882909
9.587704664512804	-10.878728160864917
0.24458483378220042	2.191138092729926
8.57369360817533	-8.716130509722364
5.7367848148859135	-3.064883229900138
5.906653749166529	-6.925770944740805
3.599500136358178	-4.133651268331382
11.858105614929181	-15.74216954207757
14.659986679453223	-17.428505526984175
1.8739407006608126	-0.7996154659629255
1.0413398081672165	0.36468424529202603
3.25130000358852	-2.7191889514881833
10.88266240416267	-12.50136230617377
3.0793162466484425	-0.8825510621680119
3.63922734717469	-2.3049511622297403
7.125704925706379	-6.979268959582299
14.997731559806576	-20.007541130866997
11.750221405494797	-14.480523364134495
11.84103701097579	-14.816435860869396
9.29377051147623	-10.308735454392544
14.965447882489041	-19.9744538151369
4.838849924826088	-5.9955072199199515
4.2240445732513425	-5.052364272295714
7.181537687061886	-6.724931196886645
1.3056255539318973	0.9251183061611686
8.617447412580303	-11.427995447090519
11.783776315331965	-15.181928954523375
14.835036005316486	-18.61453931177048
6.073167178742633	-6.578929032267987
4.883917225358237	-4.634741512565478
8.074041048222927	-6.995104755665251
5.8578810309986835	-6.7621296767607
3.407493406764517	-4.149471524280681
5.724246721624523	-5.827612220719942
5.45472242191665	-5.768383892375791
5.018081013172935	-4.527575423633993
6.248500826856719	-7.066367042513959
6.638553631231529	-6.815223977212241
9.469498053785355	-12.72992075557242
11.643359025725417	-15.70536601842603
6.868607574805951	-6.6441918656161585
10.657689815914424	-13.332028488357736
7.324482102367254	-7.61756705501677
11.800522689584614	-13.935175422480773
7.266744825391448	-8.516233924731534
2.0792696301866123	0.3093213009698066
8.991678209250834	-12.726149754191285
5.955241085067508	-5.267341875277316
11.40492060077399	-14.213431874344781
12.293852455438145	-15.698541240639203
10.132250254243713	-10.984065482613731
1.8189404619693055	0.06489937469203838
5.047393635198135	-6.6954310572896745
11.828130349457219	-16.163474960144725
9.378823032894218	-8.807867796731731
14.982096987242773	-16.864287460117396
0.5902965201972427	1.6044818159318899
8.497707566588229	-10.153760522858
11.784082967408668	-13.211403811646509
9.690254258505865	-10.947082404583504
11.466585151528884	-13.074518353983393
11.90329857515412	-15.434405742693507
11.757265180620418	-13.312216821826548
6.055813333800057	-7.009572044052212
9.533752382939738	-9.827215951027839
7.315519658323523	-8.1026360423107
7.80681330267259	-8.766655445532235
0.5695062750592744	0.5593286151281086
9.591558870557643	-11.191293094861024
5.648373901960049	-6.975082945319009
9.56670448206061	-10.557969576182419
3.322549942698807	-1.3599823859266686
14.983829109320842	-19.09826714868779
4.765605907862716	-5.069304272565496
6.3410691765745995	-6.798163833112524
14.803933473704841	-19.100007241286807
2.841268202674914	-1.7812876909546325
5.329014582063115	-4.689764380036249
2.935244282423288	-0.9724780707233077
0.6229929607927293	-0.6317211968764969
3.917712415965184	-3.9963579771215096
1.528285444813859	1.3826458225971878
6.323401874755456	-7.642834109314895
14.798827241089008	-16.79181023791784
10.492419611780834	-13.860827258044594
13.518927652163349	-17.12807296441033
11.274589178189842	-12.410731339647535
13.701222634775682	-15.866262039386159
1.291063688157244	-1.4438720761795176
3.7999197250408545	-3.0154688226764725
13.954874003885049	-16.286972517205246
0.22609811115081868	2.1657636968613416
9.50584658473532	-11.89825343503551
5.272307635567129	-5.310356966088035
6.547911831504655	-6.945569835004782
6.611935891361645	-8.299283252017796
10.379577475101815	-11.816270806098782
10.665437206411307	-13.98421068369948
8.149695162325692	-8.821937570976267
6.522013113248962	-6.960907791409712
0.6607663177508943	1.63825635709367
10.141201914748855	-10.482958657542563
1.11170747682025	2.2231526527248793
4.667543406690376	-5.640652318632297
14.362917444232219	-18.140270445529243
12.75209273414332	-16.58209835929659
12.738538591758587	-16.807775599178573
3.0705358287674676	-2.3727855342712476
2.1063988545495342	-0.02590882043154563
2.3764048735925467	-1.7712367408497842
0.12145326184241412	0.7936700273576347
2.163699355454922	-0.02067972037739141
10.967032670121636	-12.88182999708643
1.0049452942271841	1.4359358323292295
13.798774735174447	-18.28877495789387
5.416362537475386	-3.6919304837585707
2.2334578354668357	0.013459037233926163
13.413370522163518	-16.870785057430123
7.668889433354305	-7.538068578117301
0.5735733175809182	-0.06334705254225703
0.45599562266744165	2.0842040314073187
6.672466777903013	-6.84914136444318
5.973647664683449	-5.566396647430597
2.966782665944524	-1.701493406026502
5.07708903654993	-6.138045345436419
13.103780515152714	-17.66947705720655
4.502630546969035	-4.988535284140077
9.569467443775396	-10.524180005579552
1.9047204930010841	0.4447298474259517
3.981181603739949	-2.8579126748180297
0.7225232577277407	0.7249019532781404
3.443740523366023	-2.028883111751683
7.708072251413606	-9.064670490311421
11.395322276759071	-14.482424616634903
14.278862220737015	-17.249047915877384
3.0640502695462777	-2.5756668417149817
8.068367680637266	-9.33768996241037
4.80922794663029	-4.083670235555175
14.893852142506173	-18.593488302271197
9.690935945841666	-12.715159513245935
4.749030668701492	-5.216928053858976
5.005429261674817	-5.545521261433322
1.8170774340963596	0.9057221632805741
5.028386767632481	-5.054093625398139
9.646084451596833	-10.453957601892686
9.564064976074818	-9.708928434286314
6.846155351272055	-6.903351614219219
0.09417906474334603	2.831386947667169
8.155739063746614	-8.644477559782022
11.029308005616661	-12.260574320010612
10.867473172598611	-13.49961471675957
2.409263764015788	-0.43675447712343396
8.663787906381264	-10.104297174076894
1.5715445121727427	1.2953430566210964
2.368297205416723	-1.8841143747418652
11.330726978964892	-13.784560031892351
8.310617724677781	-8.332358453693622
4.718068489376074	-4.802493765680865
3.0198332247157245	-1.7369057924247828
3.962178028148851	-3.575417409045776
1.4604020827631137	-0.7739781940587412
12.96002963348314	-15.398471454234144
5.559916119069594	-3.9598079314190286
4.453852002904576	-2.084651518558393
14.922087270411332	-19.164388122848592
1.0232500124571942	-0.697450970074593
11.802926564161544	-12.405659034503792
10.614852120447072	-14.079283444825679
7.093486093389377	-7.2301049949754805
9.033255901748268	-10.841607364880916
12.967041983685876	-16.457410061684865
6.114283546354079	-3.098799902698935
6.104090900504732	-6.983733331289972
1.1893630860668032	-0.007568634434847454
4.048470695603122	-5.207458463537544
13.546289860110102	-16.99596677797084
11.165501857653776	-12.679056006066372
1.72332168483463	0.5822890373645356
2.01258581479902	-0.7090238059255605
11.243463602368191	-14.841417340294496
4.145219572620803	-4.526519024700945
11.282154089089833	-13.730880942410378
12.249919263753041	-14.180230849704952
4.014318963739783	-3.311424287955388
10.221571323195247	-11.711232612225896
7.602247548392562	-7.748184172797616
13.56362055683344	-14.757116925886123
7.04457768589767	-8.0628022963649
7.03489653525667	-9.546977885245838
7.073044831334824	-7.807319868902401
3.4768730932747434	-2.7787822712598955
0.5984326395643597	2.6927319777399914
2.9596752433723923	-1.784429547618666
6.26733277810095	-6.674059395738044
0.2826433062297917	0.21104498745143685
7.386760098910728	-8.64249974854042
4.618685889189088	-4.258347357290549
8.712354960363559	-10.81579733765199
10.143954277818871	-11.15616905566318
13.592067633368691	-17.359046354616435
11.710069619542011	-15.282833035179628
6.453960703747966	-6.765359350862834
4.522646018062321	-2.9514731832163257
12.077981430044463	-14.117796158796565
7.497929435628446	-10.728743241933868
11.957308943354448	-13.77391318716693
0.917873638337805	0.6267690038550278
13.974250377653826	-16.663247366121087
6.627453797237527	-7.8398176262736285
10.337245771035079	-12.792226535747263
3.5926106778220412	-2.635363954790469
2.44161156703032	-0.6884534508163883
10.056149021479605	-13.599778392425224
3.761145344605708	-3.3176710688906974
1.4873799870507642	0.04970337920326487
5.549366723114855	-4.820189176597053
6.837886036382627	-7.946482354968701
9.447695583619993	-10.724144036226848
9.946677255777148	-11.858335721367025
9.24781419548043	-12.283283147719125
11.407249266272721	-13.623370083905982
9.981863237393622	-11.670375218095426
0.2515954660730524	0.06542337740875093
0.44069340062006024	-0.46320639176648815
12.647862834540463	-15.6997875067484
9.30819716716926	-11.629060997845427
14.790033546070417	-19.180274404866346
12.057416871940895	-14.07552049424375
7.508620396213145	-8.399625985719004
14.337345006594719	-17.001310827646357
10.64991442168282	-13.099595279420743
13.152850655702624	-16.437371012577497
7.224873217734268	-8.062364235649092
9.77382126227046	-12.337539882646851
11.743562188437632	-14.562160686077364
7.889053520355907	-7.8766678591140895
12.212567362476964	-14.528257585144406
9.860832147536147	-12.947125979163067
3.05624378012654	-1.5393140383202644
4.376983928633465	-4.688642936405791
2.7634529424333785	-1.163339870445802
0.5612043057528687	-0.12130438992418724
12.76813555952335	-14.709761175792922
2.108326857541284	-0.45131932547939363
2.8211944137645464	-1.5316400077986083
9.262239580881287	-10.10501411765994
4.228996176309152	-3.7484550790179907
5.7740920841286805	-7.303641195550956
3.56733042624793	-4.917834823920025
5.263295823492985	-4.30927537474727
1.1219838717990283	-0.7300380180649122
14.383951077132537	-18.132358692328086
2.5637672841867443	-2.4712814227131843
0.792467904538286	1.6408721607402557
10.835464583903084	-11.386342257321845
2.6762091743763614	-3.9232688207946635
11.688930887335458	-14.710719766409357
12.056888804568061	-13.936403360759885
9.203407894509516	-8.16254336333246
8.383709836280438	-10.756768889519728
5.62736383570323	-6.479465621029028
1.9749971689443657	0.7995276252153627
13.48740332445477	-17.327691240542812
0.031483552905813283	1.8559192001555496
12.022707102774282	-14.288695032048814
9.20377632572571	-9.089032908759684
9.828741551887145	-12.563884620644469
5.265803062189915	-5.797580484363267
10.604622572377094	-13.941853504674421
2.9501509282606406	-0.5399848842367532
5.64938206162243	-6.097703268090837
4.536267382004365	-3.9408335526317475
12.985677303115368	-15.929601626314172
8.076879160761155	-9.1386280225269
8.996868469256572	-9.41384286970784
2.6793710547362384	-0.6758751907280218
13.721051281157672	-16.185107285258372
8.063456323908472	-8.965077819553784
0.2833574417089152	1.8064285836551883
13.730085826446441	-16.34811572993229
6.824124841170955	-7.9082148896166125
1.7913153632170915	0.10385009268112355
7.185302508334789	-7.594093431879644
2.464958177403291	-0.15179130301832844
3.1111633668496586	-2.7976336004167424
8.1872814843759	-10.73142778208624
11.938367188509869	-14.52916544329631
3.8937737030099306	-1.4388197618248946
4.603126356353718	-4.924412094614746
1.8863618085759615	-1.389027895636075
13.603366493417383	-16.250880743305277
0.6819365552816509	1.3504751856004775
1.0109351922801997	0.12523764923218217
4.919098551538203	-5.661552906060188
8.869887499573975	-11.341660072005752
14.986789935155317	-20.177181562223595
1.207737933539283	-0.24239604985834373
7.826666007438275	-10.09500474317835
2.1159562721875442	-0.23794427576308286
12.749884622852427	-14.537673323847793
4.780190866659962	-3.7089087769226294
7.482421851817019	-7.575273677320264
11.250441332273297	-12.853638145676156
11.20080958830754	-14.594899343668356
4.581212217343383	-5.476606818493722
12.227559483980489	-13.286811748696932
3.914206475111432	-3.692677847035075
4.331007081424303	-5.0859789728378715
14.19789744484307	-18.485277868772478
5.9740213793102255	-7.313687432804092
0.13197447952552843	0.6430452513514748
10.897104751105537	-10.044041676673224
9.270141323528446	-8.91365092969038
6.795731670905357	-9.12824765487772
12.33249279691032	-15.168015169586537
5.322082054830329	-5.44847236808212
12.62315380514686	-16.058577054861672
10.219755233458786	-10.589795918536854
9.669441715322636	-10.89401154972816
0.3883510371925164	1.88155127380883
13.410291009746103	-17.247942753379245
11.749123468032968	-14.239119645551405
1.3767510803984007	0.5201527938059428
14.414381108142468	-16.387458249534358
0.03288295841026134	2.6291734153779065
10.796682047781221	-14.319902761175294
3.3416085866070544	-1.7298793994665986
7.864484475691536	-9.8486741492224
5.0544274562519895	-3.5523834487839867
7.9284459899574316	-8.325535283475318
13.651621271426821	-16.746013075322036
6.581556037073666	-6.2769753866063205
13.851776770886438	-19.439314059172478
0.22631650732669095	2.388852686643504
5.4129135731146585	-4.787124158748041
14.206408400538914	-16.104907529382153
0.09996107560077683	1.7858816496764467
1.120660549609367	1.3679929247369622
4.497839132385652	-5.345353095598558
7.628598693890679	-6.987224429660818
7.9472257461779785	-10.32705155249473
1.3707408137770964	-0.030848057522292638
2.5140049839203957	0.4999368883811679
5.434828296640536	-5.0702347974915245
4.293053821204318	-4.315431023429871
3.2023515399712865	-1.0626231109502635
3.7143194535455955	-2.1884959340232584
0.9193461580263551	1.3455404372454935
7.890602879552829	-9.820985263524898
9.329805545940452	-8.627322187726916
5.370961154985522	-4.982428205185014
6.384733446294627	-5.772275949039528
4.012055354626189	-4.047217322926111
1.7664132969386466	0.07448628017173037
0.6932443887098061	2.722047209519675
13.09747304338694	-15.052401574331814
2.7793009675685125	-1.9723105629310655
1.4194610142154147	0.4580384719837195
12.123939708670843	-13.79890988034928
5.449821984490218	-3.6814329198203968
2.139792641988536	-1.122016642270176
7.193615545799755	-7.426450795633051
6.1768620016904014	-5.843316576538727
5.824090326191458	-6.577736597119783
8.093728577605045	-8.103292869535954
9.502545885440124	-11.650241813013404
12.202611911342528	-15.59481918089864
6.799204691313608	-7.283798772565486
6.699041759363249	-7.933252141849188
9.443483748778783	-11.55371872082509
6.525016713933991	-5.459250544792253
6.190732580251882	-8.18086149184675
9.744779104583719	-13.322043520516191
5.323091089557535	-5.249700757535516
7.646272817642164	-8.584561075079407
6.62958689382646	-7.079867237192482
12.76629138883907	-16.236880030252163
3.484802319714971	-2.8294638650745765
7.385227506338283	-8.566967161407185
13.857175675428921	-17.783544224330154
1.4776478427855362	1.2620127392005382
8.618106500030972	-11.388550486179557
3.169409362662882	-1.5372798974451212
12.075895980393774	-14.025372131302554
3.145574513002227	-1.9414025936847754
2.738144615455697	-2.643328852273111
10.80200916723957	-12.359339826642161
1.6909004310823894	-0.38269935898378366
2.603751151983963	-1.8448076598131262
4.390787158096156	-4.931718660067703
9.84036011016012	-9.77530914469996
12.245795304464526	-14.004905357094916
1.8405493657759109	-1.5735378525063346
3.543721229764497	-1.029431151457642
1.1401551625788215	1.89407909219293
11.271555949594138	-13.719788831553153
13.710598643777097	-17.15504509795782
6.9065571211864345	-6.521317580740341
3.189356549396887	-2.262507515442645
3.2440625640427854	-2.833605466201
4.562829779621119	-3.2190853849955814
9.655274484408864	-11.049355880765955
9.093844475178821	-10.682139086660184
2.3228152165128275	-0.8687203485160999
1.4431680983189037	0.9883802038044962
9.573270867922744	-11.931568981526128
2.780335592311274	-2.6333082426031273
9.169055193984317	-11.46190989840401
1.2178533623762537	0.3627900432399645
11.498642315929203	-14.575569883906136
4.145786608574853	-3.870436164722152
7.648424212279048	-7.575781170557057
5.618954457576502	-4.4843001696108615
14.508165863959587	-14.960321663585484
14.829953041572052	-17.891303201249386
6.323866687693252	-6.752064081725035
4.172408672578859	-3.1171581418884102
4.644620776275668	-4.917526968891817
14.401855611249823	-18.81555521714366
8.034838330160445	-7.622506374991272
10.03197397970315	-10.47677810776841
14.414971007522597	-18.153234806683223
12.295527079184943	-13.792474109923361
13.352797577282193	-16.288553698071752
10.794909790647038	-12.376266629330761
11.377006000414175	-11.832601424815513
11.36596669659804	-12.052608839977989
